Name	26	27	28	29	30	31	32
ENSACAT00000001810.3	0	3.7037	0	25.9259	11.1111	37.037	22.2222
ENSACAT00000015423.3	0	1.83824	7.72059	24.2647	31.6176	31.25	3.30882
ENSACAT00000025987.2	0	9.72222	11.1111	23.6111	34.7222	18.0556	2.77778
ENSACAT00000004746.3	0	9.85915	11.2676	22.5352	35.2113	18.3099	2.8169
ENSACAT00000014725.3	2.43902	2.43902	3.25203	30.8943	28.4553	22.7642	9.7561
ENSACAT00000016043.3	0	1.79372	4.4843	37.6682	16.1435	20.6278	19.2825
ENSACAT00000008480.3	0.675676	2.92793	12.1622	15.991	30.6306	26.1261	11.4865
ENSACAT00000017793.3	0	6.53595	8.49673	15.0327	39.2157	18.9542	11.7647
ENSACAT00000001485.3	0.487805	2.43902	14.1463	27.8049	27.8049	25.3659	1.95122
ENSACAT00000005972.3	0.934579	0	16.8224	16.8224	28.0374	25.2336	12.1495
ENSACAT00000016215.2	0	22.2222	0	11.1111	44.4444	0	22.2222
ENSACAT00000011276.3	0	0	0	0	33.3333	66.6667	0
ENSACAT00000004023.3	0	3.85965	8.77193	24.9123	19.2982	24.2105	18.9474
ENSACAT00000013301.2	0	0	14.7059	35.2941	27.9412	13.2353	8.82353
ENSACAT00000017514.3	0	25	25	0	25	25	0
ENSACAT00000017417.3	0	0	0	0	0	0	0
ENSACAT00000017402.3	0	0	0	0	0	0	0
ENSACAT00000017101.3	0	0	7.69231	23.0769	23.0769	38.4615	7.69231
ENSACAT00000016615.3	0	5.88235	11.7647	17.6471	23.5294	29.4118	11.7647
ENSACAT00000027194.2	1.30435	5.21739	11.7391	20.4348	29.5652	18.6957	13.0435
ENSACAT00000001012.3	0.962696	4.09146	7.94224	17.3285	32.0096	19.0132	18.6522
ENSACAT00000012591.3	0	0	0	0	0	0	0
ENSACAT00000013067.3	1.53846	12.3077	3.07692	18.4615	32.3077	21.5385	10.7692
ENSACAT00000015771.3	1.88679	1.88679	5.66038	16.0377	32.5472	30.6604	11.3208
ENSACAT00000026556.1	0	3.22581	3.22581	29.0323	25.8065	19.3548	19.3548
ENSACAT00000002451.3	2.5	10	2.5	10	52.5	17.5	5
ENSACAT00000014458.3	0	1.45985	10.219	15.3285	32.1168	34.3066	6.56934
ENSACAT00000015730.3	0	5.15464	9.27835	22.6804	30.9278	21.6495	10.3093
ENSACAT00000015361.3	0	0	14.2857	10.7143	32.1429	17.8571	25
ENSACAT00000024115.2	0	0	10.2564	15.3846	35.8974	23.0769	15.3846
ENSACAT00000003155.3	1.72414	3.44828	12.069	18.9655	20.6897	32.7586	10.3448
ENSACAT00000009189.3	0.495663	3.09789	8.92193	17.8439	32.5898	20.1983	16.8525
ENSACAT00000012772.3	0	0	0	0	60	20	20
ENSACAT00000012878.3	0	16.6667	0	25	50	8.33333	0
ENSACAT00000029540.1	0	0	3.57143	7.14286	42.8571	35.7143	10.7143
ENSACAT00000009246.3	0	0	0	0	75	25	0
ENSACAT00000015064.2	0.442968	4.20819	10.0775	18.4939	26.0244	26.0244	14.7287
ENSACAT00000013507.3	0	2.22222	11.1111	22.2222	33.3333	17.7778	13.3333
ENSACAT00000009827.3	0.827586	3.72414	7.86207	26.7586	27.5862	18.3448	14.8966
ENSACAT00000010550.3	1.29032	7.74194	6.45161	14.1935	38.7097	22.5806	9.03226
ENSACAT00000011137.3	0	0	6.74157	16.8539	16.8539	42.6966	16.8539
ENSACAT00000006357.3	0.775194	0.775194	13.1783	22.4806	27.1318	23.2558	12.4031
ENSACAT00000003149.3	2.15054	5.37634	13.9785	20.4301	20.4301	22.5806	15.0538
ENSACAT00000000914.3	1.1811	4.72441	13.3858	24.8031	27.5591	16.5354	11.811
ENSACAT00000029478.1	1.222	3.86965	10.387	16.2933	32.3829	28.3096	7.53564
ENSACAT00000006781.2	0	8.33333	8.33333	8.33333	16.6667	58.3333	0
ENSACAT00000008469.3	1.0989	5.12821	10.6227	20.5128	31.1355	20.5128	10.989
ENSACAT00000014609.3	0	2.15054	5.37634	10.2151	47.8495	19.8925	14.5161
ENSACAT00000000699.3	0	3.44828	6.89655	6.89655	58.6207	10.3448	13.7931
ENSACAT00000003485.3	0	0	0	5.26316	52.6316	36.8421	5.26316
ENSACAT00000003122.3	3.37079	3.37079	11.236	16.8539	29.2135	17.9775	17.9775
ENSACAT00000004847.3	0	0	16.6667	36.6667	20	13.3333	13.3333
ENSACAT00000010874.3	8	0	0	20	16	36	20
ENSACAT00000010163.3	2.12766	2.12766	4.25532	14.8936	46.8085	19.1489	10.6383
ENSACAT00000009695.3	2.67857	3.125	10.7143	19.6429	23.6607	26.7857	13.3929
ENSACAT00000027774.2	0	10.5263	10.5263	26.3158	21.0526	15.7895	15.7895
ENSACAT00000004512.3	1.41643	4.53258	13.3144	19.2635	33.1445	17.847	10.4816
ENSACAT00000001219.3	2.72109	10.2041	13.2653	19.0476	15.6463	24.1497	14.966
ENSACAT00000015630.3	0.358423	4.6595	8.60215	16.8459	30.4659	20.4301	18.638
ENSACAT00000016510.3	1.43288	4.6003	16.365	25.264	25.4148	16.5913	10.3318
ENSACAT00000002996.3	1.14943	4.02299	6.89655	20.4023	24.4253	29.8851	13.2184
ENSACAT00000014192.2	0	1.62602	13.0081	19.5122	42.2764	15.4472	8.13008
ENSACAT00000013405.3	0	0	7.14286	14.2857	50	21.4286	7.14286
ENSACAT00000011555.3	0	4.4964	5.57554	17.0863	28.9568	33.4532	10.4317
ENSACAT00000010988.3	0.924214	3.51201	10.7209	15.342	27.1719	29.9445	12.3845
ENSACAT00000002510.2	0.549451	5.16484	11.978	15.2747	22.6374	30.4396	13.956
ENSACAT00000025557.1	0	0	28.9474	34.2105	21.0526	15.7895	0
ENSACAT00000009190.3	0	0	6.25	18.75	31.25	43.75	0
ENSACAT00000028231.1	0	0	0	0	0	0	0
ENSACAT00000004928.3	4.16667	0	8.33333	12.5	29.1667	33.3333	12.5
ENSACAT00000005783.3	0	1.90476	1.90476	17.1429	39.0476	27.619	12.381
ENSACAT00000030656.1	0	1.92308	1.92308	17.3077	39.4231	26.9231	12.5
ENSACAT00000006570.2	1.33172	5.56901	8.11138	17.4334	30.9927	21.3075	15.2542
ENSACAT00000006748.3	0	0	0	0	100	0	0
ENSACAT00000008091.3	0	0	6.66667	13.3333	26.6667	40	13.3333
ENSACAT00000010018.3	0	0	0	0	0	100	0
ENSACAT00000010252.3	0.668896	3.8796	9.699	19.6656	24.6823	30.9699	10.4348
ENSACAT00000002132.2	0	2	12	10	42	18	16
ENSACAT00000011069.3	0	8	4	12	36	24	16
ENSACAT00000030017.1	0.70922	6.02837	8.51064	25.8865	24.1135	27.6596	7.0922
ENSACAT00000017395.3	0.526316	8.94737	9.47368	23.6842	26.8421	14.7368	15.7895
ENSACAT00000012243.2	0.864553	2.59366	18.732	13.2565	31.9885	20.1729	12.3919
ENSACAT00000007927.3	0.590551	3.14961	12.4016	18.5039	34.6457	21.063	9.64567
ENSACAT00000007265.3	1.30719	3.26797	7.84314	16.3399	29.4118	27.2876	14.5425
ENSACAT00000003385.3	0	0	0	20	50	30	0
ENSACAT00000029499.1	0	0	8.57143	25.7143	20	31.4286	14.2857
ENSACAT00000004881.2	0	0	8.57143	25.7143	20	31.4286	14.2857
ENSACAT00000003681.3	0	0	7.14286	17.8571	50	10.7143	14.2857
ENSACAT00000002282.3	0.840336	4.20168	9.2437	21.0084	31.9328	19.3277	13.4454
ENSACAT00000001054.3	0	0	25	0	0	0	75
ENSACAT00000001148.3	0	10.4167	8.33333	6.25	18.75	39.5833	16.6667
ENSACAT00000002732.3	0	5	15	25	20	30	5
ENSACAT00000023975.2	0.766284	1.53257	11.8774	19.5402	24.1379	26.0536	16.092
ENSACAT00000003229.3	0.766284	1.53257	11.8774	19.5402	24.1379	26.0536	16.092
ENSACAT00000029545.1	0.64154	4.33039	10.2646	19.9679	24.2983	26.7843	13.7129
ENSACAT00000008982.3	3.22581	3.76344	9.13978	17.2043	35.4839	17.2043	13.9785
ENSACAT00000001359.3	0	1.1236	20.2247	15.7303	31.4607	24.7191	6.74157
ENSACAT00000005718.3	0	0	0	0	0	0	0
ENSACAT00000030892.1	0	0	0	0	0	0	0
ENSACAT00000001257.3	0	0	0	0	0	0	0
ENSACAT00000007425.3	2.17984	2.17984	17.1662	35.6948	13.624	21.7984	7.35695
ENSACAT00000007133.2	0	0	0	0	50	50	0
ENSACAT00000014076.3	0.75643	3.25265	10.8926	19.3646	26.0968	28.3661	11.2708
ENSACAT00000003557.3	0.991572	2.92514	7.68468	19.1373	31.2841	23.8969	14.0803
ENSACAT00000001650.3	0	6.34921	6.34921	19.0476	44.4444	14.2857	9.52381
ENSACAT00000009589.3	0	3.04878	17.0732	12.1951	34.7561	22.561	10.3659
ENSACAT00000015774.3	1.10497	3.8674	13.2597	15.4696	36.4641	22.6519	7.18232
ENSACAT00000016000.2	0.744575	3.31868	9.00581	18.7491	31.8607	23.8051	12.516
ENSACAT00000016185.3	0	0	6.45161	3.22581	58.0645	19.3548	12.9032
ENSACAT00000016205.3	0	0	0	0	0	0	0
ENSACAT00000011806.2	1	2.4	8.8	20.6	33.4	16.6	17.2
ENSACAT00000011634.3	1.26582	3.16456	5.6962	17.0886	34.1772	18.3544	20.2532
ENSACAT00000011355.3	0	8.33333	4.16667	33.3333	25	16.6667	12.5
ENSACAT00000011109.3	0	2.66667	8	14.6667	31.3333	30	13.3333
ENSACAT00000010948.3	1.07172	2.63809	10.8821	16.0758	30.1731	22.5062	16.6529
ENSACAT00000010775.3	0	13.3333	33.3333	6.66667	30	13.3333	3.33333
ENSACAT00000004190.3	0	0	0	0	100	0	0
ENSACAT00000013487.3	0.200938	2.81313	8.50636	16.276	30.0067	27.5285	14.6685
ENSACAT00000013711.3	0.164474	2.96053	11.1842	11.1842	36.3487	18.5855	19.5724
ENSACAT00000008732.3	0	0	9.52381	28.5714	4.7619	28.5714	28.5714
ENSACAT00000008759.3	1.33038	1.55211	11.0865	22.6164	26.8293	23.2816	13.3038
ENSACAT00000008864.3	4.87805	4.87805	12.1951	9.7561	34.1463	31.7073	2.43902
ENSACAT00000008869.3	0	9.80392	5.88235	9.80392	23.5294	15.6863	35.2941
ENSACAT00000009120.2	1.19197	3.45044	10.6023	27.1016	24.9059	23.0238	9.72396
ENSACAT00000009223.2	0	0	0	0	0	0	0
ENSACAT00000030075.1	0	1.68067	8.40336	22.6891	13.4454	39.4958	14.2857
ENSACAT00000009562.2	0.930233	2.7907	6.04651	24.8837	30.2326	20.6977	14.4186
ENSACAT00000009795.2	1.50376	6.01504	17.2932	12.782	23.3083	21.0526	18.0451
ENSACAT00000009864.3	0.970874	1.94175	7.76699	15.534	22.3301	19.4175	32.0388
ENSACAT00000010155.3	2.18978	3.16302	6.81265	22.871	35.5231	21.4112	8.0292
ENSACAT00000014675.3	0	0	0	0	0	0	0
ENSACAT00000014781.3	1.93548	4.19355	9.67742	35.8065	27.0968	12.5806	8.70968
ENSACAT00000012797.2	0	1.73913	6.08696	13.913	30.4348	31.3043	16.5217
ENSACAT00000012859.3	0.478469	3.34928	12.9187	16.7464	34.4498	20.5742	11.4833
ENSACAT00000013466.3	1.23626	1.78571	8.1044	16.7582	22.5275	31.1813	18.4066
ENSACAT00000017447.3	0	4.67836	9.94152	19.883	23.9766	25.1462	16.3743
ENSACAT00000017382.3	0.934579	2.80374	9.81308	19.1589	20.0935	36.9159	10.2804
ENSACAT00000017332.3	1.40187	6.30841	7.71028	22.6636	26.6355	22.1963	13.0841
ENSACAT00000017295.3	0.493827	2.71605	8.14815	24.4444	24.6914	25.1852	14.321
ENSACAT00000017177.3	0.738552	4.87445	14.3279	14.771	31.9055	23.9291	9.45347
ENSACAT00000017137.3	0	0	0	0	100	0	0
ENSACAT00000017068.3	0.485437	3.55987	8.89968	17.7994	31.068	24.7573	13.4304
ENSACAT00000016969.3	1.09649	1.97368	8.11404	25.6579	38.1579	11.8421	13.1579
ENSACAT00000016754.3	1.40325	3.69276	8.71492	21.7134	31.9055	20.901	11.6691
ENSACAT00000016382.2	0	0	0	0	0	0	0
ENSACAT00000016366.3	1.26316	4.31579	8.63158	36.6316	26.8421	18.1053	4.21053
ENSACAT00000015918.2	0.187617	1.31332	13.8837	25.1407	27.3921	20.6379	11.4447
ENSACAT00000001400.3	0	0	0	20	30	40	10
ENSACAT00000001305.3	0	4.34783	6.52174	28.2609	32.6087	26.087	2.17391
ENSACAT00000016081.3	0	0	0	0	85.7143	14.2857	0
ENSACAT00000000441.3	0	0	4.54545	26.1364	20.4545	15.9091	32.9545
ENSACAT00000001149.3	1.4881	5.05952	7.14286	17.5595	21.4286	34.8214	12.5
ENSACAT00000029126.1	2.02703	1.35135	6.08108	14.1892	31.7568	22.2973	22.2973
ENSACAT00000000578.3	0	4.3956	8.79121	12.0879	25.2747	28.5714	20.8791
ENSACAT00000000575.3	0	0	0	100	0	0	0
ENSACAT00000015860.3	0	0	0	15.3846	30.7692	30.7692	23.0769
ENSACAT00000015626.3	2.88462	5.76923	5.76923	20.1923	14.4231	36.5385	14.4231
ENSACAT00000012609.3	0	0	0	0	0	0	0
ENSACAT00000012841.3	0	3.61446	25.3012	19.2771	28.9157	8.43373	14.4578
ENSACAT00000012954.2	0	0	0	0	0	0	0
ENSACAT00000014120.3	0	0	33.3333	0	66.6667	0	0
ENSACAT00000014082.3	0.514139	4.62725	9.51157	21.8509	30.3342	25.1928	7.96915
ENSACAT00000004873.3	1.05263	7.01754	15.0877	16.8421	25.2632	18.2456	16.4912
ENSACAT00000016606.3	0.475059	2.85036	15.2019	20.6651	24.4656	23.0404	13.3017
ENSACAT00000016529.3	0	0	0	0	0	0	0
ENSACAT00000016445.3	3.22581	4.83871	6.45161	12.9032	53.2258	11.2903	8.06452
ENSACAT00000016335.3	1.38026	5.10697	14.9068	15.735	24.9827	25.0518	12.8364
ENSACAT00000022687.2	0	2	18	38	26	12	4
ENSACAT00000016146.3	1.05263	2.36842	6.84211	23.1579	21.3158	25.5263	19.7368
ENSACAT00000015974.3	0.664894	5.98404	9.9734	18.0851	28.8564	23.2713	13.1649
ENSACAT00000015870.3	0	6	16	19	32	18	9
ENSACAT00000015836.2	1.99115	4.42478	7.9646	17.4779	30.7522	20.1327	17.2566
ENSACAT00000015527.3	0	0	0	25	12.5	56.25	6.25
ENSACAT00000015203.3	0	0	0	55.5556	11.1111	0	33.3333
ENSACAT00000014863.2	0	0	0	100	0	0	0
ENSACAT00000014440.3	6.66667	5	5	20	26.6667	33.3333	3.33333
ENSACAT00000028049.2	6.97674	0	4.65116	11.6279	48.8372	23.2558	4.65116
ENSACAT00000014314.3	0	0	5	15	30	35	15
ENSACAT00000014121.3	0	2.8103	9.36768	17.096	32.0843	21.7799	16.8618
ENSACAT00000013988.2	0	0	0	0	16.6667	83.3333	0
ENSACAT00000003666.2	1.16009	2.5522	7.42459	11.6009	20.4176	30.3944	26.4501
ENSACAT00000004529.3	0	8	5.33333	20	30.6667	26.6667	9.33333
ENSACAT00000004080.3	3.26087	3.26087	13.587	23.3696	31.5217	9.78261	15.2174
ENSACAT00000003548.2	0	6.81818	20.4545	13.6364	13.6364	27.2727	18.1818
ENSACAT00000003285.3	0.709939	3.24544	11.9675	17.2414	21.2982	33.8742	11.6633
ENSACAT00000003193.3	0	3.63636	9.09091	23.6364	23.6364	27.2727	12.7273
ENSACAT00000002982.3	0	0	17.6471	20.5882	23.5294	20.5882	17.6471
ENSACAT00000002722.3	0	2.27273	27.2727	9.09091	27.2727	18.1818	15.9091
ENSACAT00000002378.3	0	0	10.5263	0	44.7368	36.8421	7.89474
ENSACAT00000029575.1	2.23464	3.91061	10.6145	11.7318	37.4302	13.9665	20.1117
ENSACAT00000000807.3	0.701754	2.80702	3.85965	29.4737	34.0351	16.4912	12.6316
ENSACAT00000014349.2	0.510204	4.59184	8.67347	17.8571	43.8776	18.3673	6.12245
ENSACAT00000014363.3	0	0	0	70	0	20	10
ENSACAT00000014503.3	6.06061	3.0303	12.1212	36.3636	9.09091	33.3333	0
ENSACAT00000014820.3	0	5.88235	8.82353	17.6471	35.2941	17.6471	14.7059
ENSACAT00000014986.3	0	10	13.3333	6.66667	36.6667	23.3333	10
ENSACAT00000015702.3	1.36986	2.73973	9.58904	21.9178	33.3333	20.0913	10.9589
ENSACAT00000005159.3	1.63934	9.83607	6.55738	14.7541	34.4262	22.9508	9.83607
ENSACAT00000005160.3	1.6129	2.68817	11.828	11.828	35.4839	23.1183	13.4409
ENSACAT00000005166.3	11.1111	11.1111	11.1111	22.2222	22.2222	11.1111	11.1111
ENSACAT00000030302.1	2.17391	5.7971	15.2174	13.7681	26.8116	31.1594	5.07246
ENSACAT00000004506.3	0	0	20	20	20	40	0
ENSACAT00000016129.3	0	0	0	0	14.2857	42.8571	42.8571
ENSACAT00000016071.3	0.892857	5.80357	7.14286	14.2857	30.3571	12.9464	28.5714
ENSACAT00000029152.1	0	4.72441	5.51181	14.1732	33.0709	29.9213	12.5984
ENSACAT00000015331.3	2.1164	1.5873	11.1111	20.6349	21.164	30.1587	13.2275
ENSACAT00000015146.3	0	5.55556	13.8889	19.4444	11.1111	33.3333	16.6667
ENSACAT00000001989.3	1.47059	5.51471	14.3382	15.4412	21.3235	16.9118	25
ENSACAT00000002180.3	0.248139	2.97767	7.44417	39.9504	16.8734	23.3251	9.18114
ENSACAT00000002614.3	1.33333	4	9.33333	22.6667	25.3333	13.3333	24
ENSACAT00000002697.3	2.17391	0	6.52174	19.5652	36.9565	21.7391	13.0435
ENSACAT00000008768.3	0	12.9032	19.3548	22.5806	19.3548	9.67742	16.129
ENSACAT00000008979.3	0	4	0	12	24	40	20
ENSACAT00000009504.3	0.847458	4.23729	9.32203	20.1695	24.7458	29.322	11.3559
ENSACAT00000009970.3	0.554529	5.1756	8.68762	22.1811	31.6081	20.1479	11.6451
ENSACAT00000012693.3	0	1.9802	9.90099	9.90099	43.5644	17.8218	16.8317
ENSACAT00000024117.2	0	0	0	0	100	0	0
ENSACAT00000000043.3	1.55039	3.48837	10.4651	15.8915	31.3953	27.907	9.30233
ENSACAT00000000046.3	0.981767	3.22581	9.67742	13.885	24.5442	30.575	17.1108
ENSACAT00000000048.3	0	0	0	0	0	100	0
ENSACAT00000000055.3	0	0	0	0	0	0	0
ENSACAT00000000060.3	7.14286	3.57143	10.7143	12.5	26.7857	35.7143	3.57143
ENSACAT00000026448.2	0.377358	3.96226	13.3962	17.1698	25.4717	24.5283	15.0943
ENSACAT00000000068.3	3.92157	3.92157	7.84314	19.6078	29.4118	23.5294	11.7647
ENSACAT00000000074.3	1.49883	6.60422	7.54098	21.1241	28.5714	17.6112	17.0492
ENSACAT00000027773.2	0	6.25	0	6.25	62.5	25	0
ENSACAT00000024663.1	0	0	0	0	0	0	0
ENSACAT00000009680.3	0	12	22	20	24	8	14
ENSACAT00000009599.3	2.06186	5.15464	21.6495	25.7732	20.6186	17.5258	7.21649
ENSACAT00000009438.3	0	0.934579	3.73832	16.8224	44.8598	15.8879	17.757
ENSACAT00000009328.3	0	0	0	14.2857	57.1429	28.5714	0
ENSACAT00000030872.1	0	15.3846	3.84615	15.3846	15.3846	38.4615	11.5385
ENSACAT00000009325.3	0	15.3846	3.84615	15.3846	15.3846	38.4615	11.5385
ENSACAT00000009267.3	0	3.44828	13.7931	12.069	23.2759	25	22.4138
ENSACAT00000009706.3	0	7.69231	4.61538	21.5385	30.7692	20	15.3846
ENSACAT00000009641.3	0	0	0	33.3333	66.6667	0	0
ENSACAT00000009563.3	0	0	0	20	40	40	0
ENSACAT00000015757.3	0.89955	2.17391	7.34633	17.2414	25.7871	25.6372	20.9145
ENSACAT00000015604.3	1.33333	8	5.33333	26.6667	24	17.3333	17.3333
ENSACAT00000015553.3	0	0	22.2222	44.4444	11.1111	22.2222	0
ENSACAT00000015435.3	0.162338	4.05844	7.46753	18.3442	29.8701	27.9221	12.1753
ENSACAT00000015019.3	2.5	2.5	6.25	17.5	32.5	15	23.75
ENSACAT00000014967.3	2.5	11.25	18.75	17.5	20	28.75	1.25
ENSACAT00000014899.3	0.417246	1.11266	8.62309	16.8289	34.7705	26.4256	11.822
ENSACAT00000014408.3	1.14943	4.91118	10.7628	20.5852	29.3626	24.5559	8.67294
ENSACAT00000014259.2	0.277778	3.05556	8.33333	12.5	30.2778	26.9444	18.6111
ENSACAT00000014190.3	0.293255	2.34604	6.30499	12.61	38.1232	30.2053	10.1173
ENSACAT00000013767.3	1.84049	3.68098	13.4969	20.2454	27.6074	23.9264	9.20245
ENSACAT00000013667.3	3.125	6.25	0	15.625	34.375	6.25	34.375
ENSACAT00000027428.2	0	0	33.3333	29.6296	7.40741	22.2222	7.40741
ENSACAT00000013440.2	0	6.25	18.75	43.75	6.25	12.5	12.5
ENSACAT00000017542.3	3.22581	3.22581	9.67742	3.22581	58.0645	22.5806	0
ENSACAT00000017585.3	2.5974	6.49351	5.19481	22.0779	25.974	16.8831	20.7792
ENSACAT00000009749.2	0	0.847458	2.54237	16.1017	22.8814	36.4407	21.1864
ENSACAT00000028774.2	0	0	0	16.6667	50	33.3333	0
ENSACAT00000010133.3	0	0	0	16.6667	50	33.3333	0
ENSACAT00000029853.1	0.900901	0.900901	9.90991	22.5225	27.027	30.6306	8.10811
ENSACAT00000030194.1	1.37566	2.43386	10.4233	22.2222	30.6878	25.0794	7.77778
ENSACAT00000010735.3	0.692964	3.41151	9.64819	19.9893	31.9829	20.2559	14.0192
ENSACAT00000011018.2	0	0	0	66.6667	33.3333	0	0
ENSACAT00000002747.3	1.6129	8.06452	17.7419	9.67742	27.4194	25.8065	9.67742
ENSACAT00000002507.3	0	0	12.5	33.3333	29.1667	20.8333	4.16667
ENSACAT00000001721.3	0	15.625	6.25	15.625	18.75	15.625	28.125
ENSACAT00000005129.2	0	7.24638	14.4928	15.942	31.8841	14.4928	15.942
ENSACAT00000005030.2	0	0	14.9254	25.3731	23.8806	20.8955	14.9254
ENSACAT00000004969.2	0	28.5714	0	42.8571	28.5714	0	0
ENSACAT00000004726.3	1.36905	3.45238	10.1786	18.4524	27.1429	26.9643	12.4405
ENSACAT00000004402.3	0	0	0	0	100	0	0
ENSACAT00000004224.3	1.77778	10.2222	11.5556	13.3333	23.5556	26.2222	13.3333
ENSACAT00000021188.2	4.08163	6.12245	9.18367	22.449	19.3878	29.5918	9.18367
ENSACAT00000030735.1	0	0	0	0	0	0	0
ENSACAT00000003870.2	0	8.82353	23.5294	5.88235	29.4118	20.5882	11.7647
ENSACAT00000005172.3	0	0	0	0	25	50	25
ENSACAT00000002018.3	0	7.84314	23.5294	21.5686	25.4902	11.7647	9.80392
ENSACAT00000001615.3	0	3.79747	3.79747	29.1139	27.8481	24.0506	11.3924
ENSACAT00000029852.1	0	3.44828	3.44828	13.7931	24.1379	41.3793	13.7931
ENSACAT00000010477.2	0.806452	2.50896	5.37634	17.9211	36.6487	25.8065	10.9319
ENSACAT00000010010.3	0	0	22.2222	11.1111	22.2222	33.3333	11.1111
ENSACAT00000030210.1	0	0	0	0	0	0	0
ENSACAT00000023188.2	0	3.47826	6.08696	13.913	36.5217	22.6087	17.3913
ENSACAT00000024784.1	0	0	0	0	0	0	0
ENSACAT00000007649.3	0.280899	3.08989	12.3596	16.0112	35.1124	23.8764	9.26966
ENSACAT00000007965.3	0.403226	3.42742	7.05645	33.4677	26.6129	21.7742	7.25806
ENSACAT00000008053.3	0	2.91262	6.79612	11.6505	40.7767	12.6214	25.2427
ENSACAT00000009034.3	0	1.88679	18.8679	15.0943	37.7358	24.5283	1.88679
ENSACAT00000009339.3	1.37741	4.6832	12.6722	16.8044	32.7824	17.0799	14.6006
ENSACAT00000026649.2	2	2	10	29	30	16	11
ENSACAT00000027984.2	0.431655	3.59712	11.6547	15.9712	31.7986	20.2878	16.259
ENSACAT00000009531.3	0.686813	3.43407	11.5385	18.1319	30.7692	19.9176	15.522
ENSACAT00000014208.2	0	0	0	0	0	100	0
ENSACAT00000023342.2	0	7.24638	14.4928	23.1884	33.3333	11.5942	10.1449
ENSACAT00000013542.3	0.724638	9.42029	15.942	17.3913	36.2319	10.1449	10.1449
ENSACAT00000026017.2	1.20482	1.80723	11.4458	20.4819	25.3012	16.2651	23.494
ENSACAT00000002536.3	0	6.45161	12.9032	19.3548	16.129	35.4839	9.67742
ENSACAT00000001862.3	0	4.16667	8.33333	37.5	12.5	25	12.5
ENSACAT00000001494.2	0	0	0	0	0	100	0
ENSACAT00000028188.2	0	0	0	0	66.6667	0	33.3333
ENSACAT00000028777.2	0	0	0	0	0	0	0
ENSACAT00000003177.3	0	0	0	25	25	50	0
ENSACAT00000003047.3	0	2.38095	16.6667	26.1905	21.4286	19.0476	14.2857
ENSACAT00000015284.3	0	0	50	0	50	0	0
ENSACAT00000004910.3	1.63934	1.63934	11.4754	19.6721	27.8689	24.5902	13.1148
ENSACAT00000005099.3	0	1.78571	3.57143	23.2143	19.6429	25	26.7857
ENSACAT00000023787.2	1.5625	1.5625	11.7188	28.125	21.0938	21.875	14.0625
ENSACAT00000011070.3	0.689655	4.48276	6.37931	23.4483	26.3793	32.4138	6.2069
ENSACAT00000027148.2	0.515464	4.63918	7.98969	14.6907	32.2165	25.2577	14.6907
ENSACAT00000010570.3	0.854701	1.7094	9.40171	18.8034	29.0598	25.641	14.5299
ENSACAT00000028895.2	0	6.06061	9.09091	24.2424	42.4242	9.09091	9.09091
ENSACAT00000009659.3	0.313808	3.13808	9.62343	19.8745	26.6736	24.8954	15.4812
ENSACAT00000015554.3	0	0	0	21.4286	64.2857	7.14286	7.14286
ENSACAT00000015664.3	0.729927	2.91971	9.78102	18.6861	39.4161	16.2044	12.2628
ENSACAT00000015946.3	0.653595	1.96078	11.7647	15.0327	21.5686	39.2157	9.80392
ENSACAT00000015965.3	0.995025	1.49254	3.9801	20.398	25.3731	39.801	7.9602
ENSACAT00000016061.3	0	1.75439	8.77193	10.5263	26.3158	35.0877	17.5439
ENSACAT00000016117.3	0	0	4.54545	13.6364	22.7273	40.9091	18.1818
ENSACAT00000004691.2	0	4.9505	3.9604	14.8515	22.7723	29.703	23.7624
ENSACAT00000017011.3	0.789399	4.53905	7.61207	19.7914	29.1232	21.4829	16.662
ENSACAT00000009710.3	0	0	0	20	80	0	0
ENSACAT00000025587.2	0	0	0	20	20	20	40
ENSACAT00000010359.2	0	2.22222	6.66667	11.1111	22.2222	37.7778	20
ENSACAT00000005832.3	2.27273	6.81818	19.3182	6.81818	23.8636	23.8636	17.0455
ENSACAT00000005797.3	0.648298	3.56564	9.23825	18.6386	32.4149	20.9076	14.5867
ENSACAT00000005707.3	0.755668	4.28212	7.0529	9.3199	35.5164	25.1889	17.8841
ENSACAT00000023040.2	0	0	0	0	0	0	0
ENSACAT00000005317.3	0	0	0	10	50	20	20
ENSACAT00000005124.3	0.442968	2.04873	11.1296	21.4839	25.4707	30.2326	9.19158
ENSACAT00000004954.3	3.22581	1.07527	10.7527	31.1828	32.2581	12.9032	8.60215
ENSACAT00000004816.2	0.514139	5.14139	7.19794	16.7095	32.6478	25.7069	12.0823
ENSACAT00000004517.3	0	1.77778	8	13.3333	44.4444	22.2222	10.2222
ENSACAT00000001788.3	0	7.54717	13.2075	35.8491	30.1887	3.77358	9.43396
ENSACAT00000029353.1	2.5641	0	12.8205	25.641	35.8974	17.9487	5.12821
ENSACAT00000001999.3	0	5.55556	5.55556	0	61.1111	22.2222	5.55556
ENSACAT00000002166.3	0	0	5.55556	30.5556	22.2222	30.5556	11.1111
ENSACAT00000001129.3	0.963978	2.58752	15.8295	15.2207	26.8392	27.2451	11.3141
ENSACAT00000000667.3	0	10.4167	8.33333	14.5833	29.1667	18.75	18.75
ENSACAT00000000485.3	0.440529	5.28634	6.1674	12.7753	31.7181	25.1101	18.5022
ENSACAT00000001032.3	0	1.42857	8.57143	25.7143	35.7143	22.8571	5.71429
ENSACAT00000000746.2	0.365631	5.11883	8.40951	18.0987	28.8848	25.9598	13.1627
ENSACAT00000000474.2	0.78329	3.13316	9.13838	16.4491	29.765	29.765	10.9661
ENSACAT00000015379.2	4	0	4	12	28	32	20
ENSACAT00000015716.3	1.03093	4.49599	6.54353	21.0052	33.634	16.8528	16.4376
ENSACAT00000022458.2	0	0	0	0	0	100	0
ENSACAT00000016245.3	1.01454	4.56544	9.13088	23.7403	26.5134	24.0108	11.0247
ENSACAT00000016345.3	0.700841	2.94353	10.8931	16.9203	28.3941	24.3692	15.7789
ENSACAT00000016564.3	0	2.0202	15.1515	17.6768	19.697	38.3838	7.07071
ENSACAT00000016677.3	0	8.16327	2.04082	6.12245	28.5714	16.3265	38.7755
ENSACAT00000016793.3	0.564972	0.564972	5.64972	16.9492	10.7345	51.4124	14.1243
ENSACAT00000016875.3	0.511509	2.55754	6.64962	18.4143	24.0409	38.1074	9.71867
ENSACAT00000001904.3	0	0	0	25	50	25	0
ENSACAT00000002191.2	0.909091	4.54545	10.9091	27.2727	21.8182	20.9091	13.6364
ENSACAT00000002599.3	0	6.8323	11.1801	14.9068	24.8447	28.5714	13.6646
ENSACAT00000003102.3	0	0	0	0	0	100	0
ENSACAT00000014500.3	1.60428	1.60428	8.02139	18.7166	32.3529	27.2727	10.4278
ENSACAT00000014013.3	0	14.2857	9.52381	0	28.5714	33.3333	14.2857
ENSACAT00000013534.3	0	0	0	0	0	100	0
ENSACAT00000013190.3	0	2.53165	12.6582	24.0506	26.5823	13.9241	20.2532
ENSACAT00000013086.3	0	0	0	0	0	100	0
ENSACAT00000013029.3	0	0	20	0	60	0	20
ENSACAT00000013000.3	0.813008	6.50407	10.5691	11.3821	21.9512	22.7642	26.0163
ENSACAT00000027659.2	0	0	0	22.2222	22.2222	55.5556	0
ENSACAT00000030532.1	0	0	0	33.3333	33.3333	33.3333	0
ENSACAT00000011409.3	0	4.05405	6.75676	13.5135	44.5946	25.6757	5.40541
ENSACAT00000001690.3	0.342857	2.17143	10.2857	12.1143	28.5714	22.1714	24.3429
ENSACAT00000000292.3	0	5.26316	11.1842	17.7632	32.2368	21.7105	11.8421
ENSACAT00000000245.3	0	1.87266	7.1161	23.221	34.0824	20.9738	12.7341
ENSACAT00000012888.3	0.909091	4.24242	5.45455	19.0909	40.9091	17.2727	12.1212
ENSACAT00000000145.3	1.0989	2.1978	5.49451	13.1868	26.3736	37.3626	14.2857
ENSACAT00000000147.3	0	8.02139	14.4385	20.3209	28.877	16.5775	11.7647
ENSACAT00000001933.3	0	2.83019	16.9811	9.43396	33.9623	29.2453	7.54717
ENSACAT00000002202.3	3.57143	1.78571	5.35714	16.0714	25	33.9286	14.2857
ENSACAT00000002325.3	9.52381	7.14286	2.38095	26.1905	30.9524	7.14286	16.6667
ENSACAT00000007044.2	0.952381	5.71429	7.61905	15.2381	48.5714	16.1905	5.71429
ENSACAT00000008640.3	0.322165	3.09278	8.18299	28.9948	21.3918	26.6753	11.3402
ENSACAT00000026598.2	0	0	0	0	0	0	0
ENSACAT00000010492.3	0	5.88235	9.80392	27.451	31.3725	15.6863	9.80392
ENSACAT00000010687.3	0	14.7059	2.94118	8.82353	29.4118	32.3529	11.7647
ENSACAT00000010704.2	0.275482	1.92837	10.1928	19.0083	24.2424	29.2011	15.1515
ENSACAT00000029843.1	1.32159	3.96476	7.04846	16.9604	31.4978	24.4493	14.7577
ENSACAT00000010830.3	1.33333	4	7.11111	17.1111	31.5556	24	14.8889
ENSACAT00000005080.3	4.16667	2.77778	8.33333	25	20.8333	26.3889	12.5
ENSACAT00000005168.2	0	6.66667	11.6667	16.6667	25	23.3333	16.6667
ENSACAT00000005261.3	11.1111	5.55556	0	16.6667	27.7778	33.3333	5.55556
ENSACAT00000030736.1	2.1164	4.7619	7.40741	15.873	32.8042	26.455	10.582
ENSACAT00000005362.3	0	6.55738	9.83607	18.0328	29.5082	24.5902	11.4754
ENSACAT00000005416.3	0	0	0	0	0	0	0
ENSACAT00000030319.1	0	0	0	0	0	0	0
ENSACAT00000005528.3	0	0	0	0	0	0	0
ENSACAT00000005843.3	0	8.88889	18.3333	24.4444	16.1111	20.5556	11.6667
ENSACAT00000006628.3	0.143369	2.93907	9.10394	16.129	24.9462	29.319	17.4194
ENSACAT00000023239.1	0	0	0	0	0	0	0
ENSACAT00000006669.2	1.14943	2.29885	12.3563	25	20.977	27.5862	10.6322
ENSACAT00000008306.2	0	0	0	0	0	0	0
ENSACAT00000008369.2	0	4.08163	12.2449	12.2449	32.6531	28.5714	10.2041
ENSACAT00000008461.3	0.662252	2.42826	8.38852	12.5828	28.0353	31.3466	16.5563
ENSACAT00000010061.3	0	0	9.67742	16.129	29.0323	22.5806	22.5806
ENSACAT00000010332.3	0	0	0	0	100	0	0
ENSACAT00000010499.3	1.29241	2.90792	8.40065	20.1939	29.5638	20.1939	17.4475
ENSACAT00000010540.2	1.03858	2.67062	8.30861	19.2878	29.6736	23.4421	15.5786
ENSACAT00000010581.3	1.5748	3.14961	11.811	18.1102	24.4094	28.3465	12.5984
ENSACAT00000027950.2	1.94175	4.85437	15.534	17.4757	39.8058	2.91262	17.4757
ENSACAT00000014386.3	0.595238	1.19048	10.7143	17.8571	30.9524	19.6429	19.0476
ENSACAT00000014422.3	1.1932	3.80807	10.9165	16.7555	28.6367	23.6354	15.0546
ENSACAT00000014496.3	0	0	0	16.6667	16.6667	50	16.6667
ENSACAT00000014550.3	0.505051	8.08081	9.59596	16.6667	19.697	18.1818	27.2727
ENSACAT00000014827.3	1.5748	1.5748	11.0236	18.1102	35.4331	22.8346	9.44882
ENSACAT00000014843.3	1.7094	5.29915	6.83761	31.6239	25.641	19.8291	9.05983
ENSACAT00000014980.3	0	0	9.83607	29.5082	24.5902	22.9508	13.1148
ENSACAT00000015296.2	0.738552	3.98818	10.0443	17.1344	32.0532	26.7356	9.30576
ENSACAT00000003596.3	0	0	14.7059	11.7647	23.5294	26.4706	23.5294
ENSACAT00000002292.3	0.518135	1.03627	6.21762	33.6788	11.9171	32.1244	14.5078
ENSACAT00000001737.3	1.19403	2.98507	6.86567	16.1194	27.7612	34.9254	10.1493
ENSACAT00000001621.3	0	0	0	0	0	50	50
ENSACAT00000027392.2	0.13089	2.48691	10.9948	20.288	24.6073	29.8429	11.6492
ENSACAT00000030303.1	0	0	25	50	25	0	0
ENSACAT00000017780.3	0.881834	4.40917	12.522	23.7213	18.6949	21.6049	18.1658
ENSACAT00000017750.3	0.931677	3.41615	9.93789	19.2547	23.2919	24.5342	18.6335
ENSACAT00000014381.3	2.8169	2.11268	7.74648	16.1972	35.2113	26.7606	9.15493
ENSACAT00000013816.3	4.61538	9.23077	6.15385	30.7692	24.6154	18.4615	6.15385
ENSACAT00000012490.3	0	2.59434	16.2736	30.4245	16.9811	19.3396	14.3868
ENSACAT00000012298.3	0	0	0	0	0	0	0
ENSACAT00000005771.3	0.943396	5.66038	9.43396	24.5283	21.6981	21.6981	16.0377
ENSACAT00000005794.3	0	0	0	50	0	25	25
ENSACAT00000030394.1	0	0	12.5	14.5833	22.9167	35.4167	14.5833
ENSACAT00000005988.3	0.684262	2.05279	7.23363	13.1965	26.2952	43.2063	7.33138
ENSACAT00000006005.3	0.757576	0	14.3939	12.8788	40.1515	23.4848	8.33333
ENSACAT00000006290.3	1.52217	5.16214	9.79484	14.6261	30.5096	23.9576	14.4275
ENSACAT00000010887.2	0	0	8.33333	12.5	25	50	4.16667
ENSACAT00000010991.3	0	0	0	26.6667	40	13.3333	20
ENSACAT00000011200.3	1.03093	4.63918	7.73196	18.5567	25.2577	31.9588	10.8247
ENSACAT00000011396.3	0	7.31707	9.7561	9.7561	31.7073	24.3902	17.0732
ENSACAT00000015055.3	0.77427	4.34783	5.95593	20.7266	30.0774	26.1465	11.9714
ENSACAT00000004890.3	0	0	0	0	0	0	0
ENSACAT00000014449.3	1.24224	8.07453	9.31677	17.3913	21.7391	31.0559	11.1801
ENSACAT00000014204.3	1.08108	5.13514	11.8919	17.5676	34.3243	16.7568	13.2432
ENSACAT00000013870.3	0	4.7619	21.4286	16.6667	16.6667	23.8095	16.6667
ENSACAT00000003903.3	0	0	10	20	50	10	10
ENSACAT00000003938.2	0	0	0	50	50	0	0
ENSACAT00000004526.3	0.143885	2.73381	7.05036	13.9568	46.9065	23.5971	5.61151
ENSACAT00000017372.3	0.47619	4.7619	8.25397	15.873	34.6032	25.3968	10.6349
ENSACAT00000017476.3	0	0	0	20	20	40	20
ENSACAT00000017487.3	0	7.14286	7.14286	28.5714	28.5714	14.2857	14.2857
ENSACAT00000004755.3	0.677201	6.09481	10.8352	25.5079	26.6366	15.5756	14.6727
ENSACAT00000029590.1	0	0.689655	8.27586	17.2414	34.4828	22.069	17.2414
ENSACAT00000004963.3	0.789474	4.16667	12.4561	16.0526	31.2281	19.7368	15.5702
ENSACAT00000004997.3	0.311526	4.04984	11.215	19.6262	24.6106	28.972	11.215
ENSACAT00000005054.3	1.4652	5.86081	10.989	12.8205	32.6007	29.6703	6.59341
ENSACAT00000005255.3	0	3.50877	7.01754	21.0526	30.9942	26.3158	11.1111
ENSACAT00000008405.3	0	8.33333	8.33333	20.8333	37.5	12.5	12.5
ENSACAT00000008173.3	0	0	7.69231	30.7692	0	38.4615	23.0769
ENSACAT00000005269.3	0	0	0	0	75	0	25
ENSACAT00000004974.3	1.40845	3.23944	11.2676	25.493	33.0986	18.7324	6.76056
ENSACAT00000012511.3	0	2.04082	10.2041	12.2449	55.102	18.3673	2.04082
ENSACAT00000012253.2	0.304878	3.65854	9.7561	21.0366	25.6098	21.9512	17.6829
ENSACAT00000010723.1	0	33.3333	0	0	66.6667	0	0
ENSACAT00000007366.3	0	0	0	0	0	0	0
ENSACAT00000007228.3	1.28205	6.41026	12.8205	14.1026	35.8974	20.5128	8.97436
ENSACAT00000007034.3	0	37.5	0	0	37.5	25	0
ENSACAT00000003283.2	1.44648	5.40019	10.0289	22.3722	20.0579	14.3684	26.3259
ENSACAT00000003312.3	0.949796	2.7137	12.7544	13.0258	25.5088	26.4586	18.5889
ENSACAT00000002901.3	0	0	25	62.5	0	12.5	0
ENSACAT00000003184.3	0	3.15582	10.6509	16.7653	34.3195	21.3018	13.8067
ENSACAT00000004181.3	0.846024	3.89171	8.96785	20.4738	31.3029	22.1658	12.3519
ENSACAT00000004437.3	0.502513	2.51256	13.0653	17.8392	23.1156	36.9347	6.03015
ENSACAT00000022553.1	0	1.28205	16.6667	21.7949	23.0769	21.7949	15.3846
ENSACAT00000004572.2	0	0	9.67742	9.67742	45.1613	6.45161	29.0323
ENSACAT00000004919.3	0	0.826446	12.3967	17.3554	10.7438	33.8843	24.7934
ENSACAT00000005109.3	0.680272	5.21542	14.2857	19.2744	27.2109	20.8617	12.4717
ENSACAT00000028092.2	0	5	5	35	5	25	25
ENSACAT00000005176.3	1.47059	0.735294	6.61765	18.3824	30.8824	30.8824	11.0294
ENSACAT00000005265.3	0	2.68199	13.41	17.6245	36.7816	20.3065	9.1954
ENSACAT00000005469.3	1.07527	2.15054	9.67742	23.6559	23.6559	24.7312	15.0538
ENSACAT00000005531.3	0	0	0	0	0	0	0
ENSACAT00000003424.3	0	4	24	4	20	40	8
ENSACAT00000003429.3	0	0	0	0	0	0	0
ENSACAT00000003581.3	0	2.12766	19.1489	4.25532	17.0213	27.6596	29.7872
ENSACAT00000027002.1	20	0	0	0	20	60	0
ENSACAT00000003595.2	0	7.69231	7.69231	7.69231	38.4615	30.7692	7.69231
ENSACAT00000003170.3	2.48447	2.48447	8.07453	19.2547	34.7826	22.3602	10.559
ENSACAT00000002924.3	4.16667	0	12.5	20.8333	41.6667	16.6667	4.16667
ENSACAT00000001949.3	1.30435	3.91304	11.3043	16.7391	23.4783	26.3043	16.9565
ENSACAT00000001620.3	0	7.14286	14.2857	35.7143	28.5714	14.2857	0
ENSACAT00000000881.3	0	2.75229	4.58716	21.1009	19.2661	45.8716	6.42202
ENSACAT00000029974.1	1.88679	3.45912	14.7799	29.2453	24.2138	8.49057	17.9245
ENSACAT00000000669.3	1.88679	3.45912	14.7799	29.2453	24.2138	8.49057	17.9245
ENSACAT00000000636.3	0.493218	3.32922	8.50801	15.1665	32.3058	26.8804	13.3169
ENSACAT00000002738.3	0	0	9.09091	36.3636	45.4545	0	9.09091
ENSACAT00000022250.1	4	0	4	32	12	48	0
ENSACAT00000001441.3	0	5.88235	8.23529	12.9412	34.1176	23.5294	15.2941
ENSACAT00000001461.3	0	0	14.2857	57.1429	0	14.2857	14.2857
ENSACAT00000001661.3	1.96078	1.96078	23.5294	17.6471	15.6863	23.5294	15.6863
ENSACAT00000002234.3	0.383142	7.66284	7.66284	21.8391	30.2682	15.3257	16.8582
ENSACAT00000002342.3	0	0	0	0	0	0	0
ENSACAT00000002814.3	2.09059	2.43902	15.331	15.331	26.4808	25.0871	13.2404
ENSACAT00000003070.3	0	10	5	35	25	15	10
ENSACAT00000025255.2	1.77936	3.91459	12.0996	17.0819	29.8932	19.2171	16.0142
ENSACAT00000008424.3	0.476474	4.28827	8.81477	18.0465	32.9958	23.7046	11.6736
ENSACAT00000029469.1	0.504096	4.34783	8.75866	18.1474	33.9635	22.8733	11.4052
ENSACAT00000010531.3	0.263158	2.10526	7.36842	18.4211	26.3158	15.7895	29.7368
ENSACAT00000015594.3	0	0	9.09091	18.1818	27.2727	36.3636	9.09091
ENSACAT00000015641.3	0	3.1746	11.1111	11.1111	31.746	17.4603	25.3968
ENSACAT00000015646.3	0	0	1.96078	17.6471	41.1765	35.2941	3.92157
ENSACAT00000014709.3	0.823529	3.05882	7.64706	10.4706	34.5882	25.6471	17.7647
ENSACAT00000014678.2	0	1.47059	14.7059	7.35294	17.6471	48.5294	10.2941
ENSACAT00000009402.3	0	20	20	0	20	20	20
ENSACAT00000029638.1	0	20	20	0	20	20	20
ENSACAT00000014311.3	0.806452	4.03226	6.45161	13.7097	41.129	27.4194	6.45161
ENSACAT00000028474.1	0.585938	2.73438	6.83594	24.8047	26.3672	27.1484	11.5234
ENSACAT00000009639.3	0	16.3265	10.2041	28.5714	16.3265	22.449	6.12245
ENSACAT00000009608.3	0	0	20	20	50	10	0
ENSACAT00000009266.3	0.8	7.2	12	24	28.8	17.6	9.6
ENSACAT00000008850.3	0.625559	2.50223	8.84718	20.1966	26.9884	23.8606	16.9794
ENSACAT00000008343.3	0.846154	4.15385	11.1538	19.5385	25.3077	24.5385	14.4615
ENSACAT00000001522.3	0	1.76211	11.0132	19.8238	34.3612	22.467	10.5727
ENSACAT00000001328.3	2.17391	0	2.17391	28.2609	23.913	28.2609	15.2174
ENSACAT00000000976.2	0	3.6036	6.30631	22.5225	15.3153	24.3243	27.9279
ENSACAT00000000350.3	0.549451	3.57143	9.89011	20.6044	31.5934	23.6264	10.1648
ENSACAT00000008813.3	0	4.16667	8.33333	8.33333	41.6667	33.3333	4.16667
ENSACAT00000000989.3	0.619195	4.17957	12.8483	20.8978	29.5666	19.5046	12.3839
ENSACAT00000001145.3	1.62602	8.13008	8.13008	20.3252	26.8293	22.7642	12.1951
ENSACAT00000001495.3	0	0	0	0	0	0	0
ENSACAT00000029526.1	0	0	0	0	0	0	0
ENSACAT00000016433.3	0.902935	2.48307	6.77201	10.8352	46.7269	23.9278	8.35214
ENSACAT00000016346.3	0	9.52381	4.7619	14.2857	42.8571	28.5714	0
ENSACAT00000006704.3	0.584795	2.33918	9.35673	12.2807	28.655	33.9181	12.8655
ENSACAT00000029823.1	2.77778	3.57143	10.3175	15.0794	12.6984	47.2222	8.33333
ENSACAT00000006328.3	0	1.53846	20	20	27.6923	18.4615	12.3077
ENSACAT00000006223.3	0	1.28205	6.15385	11.2821	20.7692	39.7436	20.7692
ENSACAT00000006193.3	0.578035	3.46821	9.24855	14.4509	24.2775	36.9942	10.9827
ENSACAT00000006160.3	0	3.7037	11.1111	7.40741	48.1481	25.9259	3.7037
ENSACAT00000006090.3	0.699301	3.4965	9.09091	23.7762	30.0699	22.3776	10.4895
ENSACAT00000005874.2	0	1.47059	5.88235	16.1765	35.2941	27.9412	13.2353
ENSACAT00000005633.3	0	8.33333	0	41.6667	16.6667	16.6667	16.6667
ENSACAT00000015012.3	0	1.20482	8.43373	33.1325	27.7108	17.4699	12.0482
ENSACAT00000014955.3	0.260417	3.125	9.63542	17.9688	27.3438	29.1667	12.5
ENSACAT00000001108.3	0	0	0	21.7391	17.3913	39.1304	21.7391
ENSACAT00000002060.3	0	4.16667	29.1667	12.5	8.33333	33.3333	12.5
ENSACAT00000002276.3	1.08696	3.80435	8.15217	12.5	29.8913	23.913	20.6522
ENSACAT00000002427.3	0	0	1.81818	14.5455	36.3636	32.7273	14.5455
ENSACAT00000002455.3	0	0	100	0	0	0	0
ENSACAT00000003620.3	5	0	10	5	50	30	0
ENSACAT00000028402.2	1.67598	2.23464	6.70391	22.3464	35.1955	17.8771	13.9665
ENSACAT00000001352.3	0.552486	3.31492	4.97238	24.8619	27.6243	25.4144	13.2597
ENSACAT00000001509.3	1.49254	1.49254	11.9403	13.4328	29.8507	31.3433	10.4478
ENSACAT00000002054.3	0	0	0	0	0	0	0
ENSACAT00000002155.3	0	1.35135	8.78378	25.6757	29.7297	27.027	7.43243
ENSACAT00000002320.3	0	7.69231	20.5128	25.641	15.3846	28.2051	2.5641
ENSACAT00000002486.3	0	0	0	100	0	0	0
ENSACAT00000009095.3	0	0	25	25	0	0	50
ENSACAT00000007402.3	0	0	0	0	0	0	100
ENSACAT00000007293.3	0	0	18.1818	18.1818	27.2727	9.09091	27.2727
ENSACAT00000007357.3	0	0	18.1818	18.1818	27.2727	9.09091	27.2727
ENSACAT00000006852.3	1.3245	0.662252	10.596	13.245	28.4768	28.4768	17.2185
ENSACAT00000006367.3	0	0	0	25	0	75	0
ENSACAT00000006096.3	1.82927	5.89431	11.5854	16.4634	37.3984	16.8699	9.95935
ENSACAT00000005768.3	0.49505	2.47525	17.3267	18.3168	25.7426	23.2673	12.3762
ENSACAT00000005714.3	0.546946	4.55789	10.8478	20.4193	22.9717	21.1486	19.5077
ENSACAT00000005626.3	1.51286	3.78215	11.649	19.2133	29.3495	21.18	13.3132
ENSACAT00000029640.1	0	0	0	0	0	0	0
ENSACAT00000014565.3	0	0	0	0	0	0	0
ENSACAT00000000735.2	0	0	0	83.3333	0	16.6667	0
ENSACAT00000006394.2	8.10811	2.7027	5.40541	21.6216	24.3243	24.3243	13.5135
ENSACAT00000006200.3	0	3.93258	6.74157	16.2921	28.0899	30.8989	14.0449
ENSACAT00000014305.3	0	4.7619	9.52381	6.34921	55.5556	9.52381	14.2857
ENSACAT00000014379.3	0	4.61538	9.23077	6.15385	56.9231	9.23077	13.8462
ENSACAT00000022644.1	0	0	0	64.2857	7.14286	28.5714	0
ENSACAT00000014133.3	0.410116	3.21258	8.9542	20.8817	22.8298	27.8879	15.8237
ENSACAT00000003265.3	1.08932	4.13943	8.7146	16.7756	30.4285	23.5294	15.3232
ENSACAT00000003973.3	0	0	40	0	40	0	20
ENSACAT00000029434.1	0	0	0	0	0	0	0
ENSACAT00000004057.3	0.772201	5.01931	10.8108	13.8996	28.1853	30.1158	11.1969
ENSACAT00000004106.3	1.2285	5.15971	21.6216	14.2506	35.6265	17.9361	4.1769
ENSACAT00000027240.1	0	0	0	0	0	0	0
ENSACAT00000016287.3	0	0	10	36.6667	20	30	3.33333
ENSACAT00000030363.1	0.995025	6.46766	6.71642	25.8706	36.8159	16.1692	6.96517
ENSACAT00000012304.3	0.55918	4.10065	11.1836	23.8583	31.0345	19.4781	9.78565
ENSACAT00000011943.3	0	0	40	10	40	0	10
ENSACAT00000011773.3	0.443131	4.65288	8.56721	17.5775	26.6617	30.9453	11.1521
ENSACAT00000009367.3	0	8.10811	8.10811	27.027	18.9189	27.027	10.8108
ENSACAT00000015782.3	0	2.89855	7.97101	14.4928	42.029	17.3913	15.2174
ENSACAT00000029775.1	0.657895	0.986842	14.4737	9.86842	24.3421	36.1842	13.4868
ENSACAT00000015808.1	0.647429	4.05424	10.4905	22.8758	29.3135	22.9491	9.66936
ENSACAT00000015815.2	3.93701	1.5748	16.5354	18.8976	24.4094	23.622	11.0236
ENSACAT00000015821.2	1.69492	0	6.77966	15.2542	27.1186	35.5932	13.5593
ENSACAT00000023335.1	0	20	0	0	60	10	10
ENSACAT00000015823.2	0	20	0	0	60	10	10
ENSACAT00000023202.1	0	0	0	0	0	0	0
ENSACAT00000015843.3	0.518135	5.18135	11.399	21.7617	24.3523	29.0155	7.77202
ENSACAT00000015911.3	0	0	0	15.3846	7.69231	38.4615	38.4615
ENSACAT00000012177.2	0	0	0	0	0	0	0
ENSACAT00000016063.2	1.79641	2.39521	7.18563	21.5569	37.1257	21.5569	8.38323
ENSACAT00000016069.2	0	0	6.89655	27.5862	44.8276	20.6897	0
ENSACAT00000016167.3	0.373134	4.10448	7.46269	18.097	29.1045	30.597	10.2612
ENSACAT00000016169.2	0	0	0	0	0	100	0
ENSACAT00000023940.1	0	0	0	0	0	0	0
ENSACAT00000016206.2	0	0	0	0	0	0	0
ENSACAT00000016228.3	0.668896	5.35117	9.699	11.0368	34.4482	29.4314	9.36455
ENSACAT00000016241.3	0.452489	4.37406	10.7089	13.5747	28.2051	31.825	10.8597
ENSACAT00000006498.3	0	0	0	40	30	30	0
ENSACAT00000011823.2	0	0	0	0	100	0	0
ENSACAT00000011822.2	0.630252	0.840336	5.88235	14.4958	31.0924	28.1513	18.9076
ENSACAT00000025218.1	0	4	4	0	48	32	12
ENSACAT00000027105.2	2.52101	0.840336	9.2437	12.605	26.8908	32.7731	15.1261
ENSACAT00000030372.1	6.25	0	6.25	6.25	9.375	68.75	3.125
ENSACAT00000011416.1	0	3.57143	7.14286	35.7143	14.2857	32.1429	7.14286
ENSACAT00000011412.2	0	7.8534	8.37696	24.0838	34.0314	15.7068	9.94764
ENSACAT00000027253.1	0	0	0	9.09091	18.1818	36.3636	36.3636
ENSACAT00000029038.2	0.465116	2.32558	11.1628	21.3953	22.7907	29.7674	12.093
ENSACAT00000011123.3	0	0	0	25	50	0	25
ENSACAT00000011000.3	0.531915	5.58511	11.7021	22.0745	33.7766	19.6809	6.64894
ENSACAT00000024169.2	0	0	0	0	0	100	0
ENSACAT00000023478.2	0	0	0	0	0	100	0
ENSACAT00000022514.2	0	0	0	0	0	0	0
ENSACAT00000010808.2	1.59011	3.26855	8.12721	14.0459	39.6643	22.6148	10.689
ENSACAT00000030739.1	0.913242	4.10959	9.13242	16.4384	30.5936	24.6575	14.1553
ENSACAT00000010796.3	0.904977	4.0724	9.95475	16.2896	30.3167	24.4344	14.0271
ENSACAT00000010746.3	0.563698	6.31342	9.01917	25.9301	23.9008	15.4453	18.8275
ENSACAT00000010617.2	0.787402	2.3622	9.84252	14.9606	26.7717	36.6142	8.66142
ENSACAT00000030777.1	0	0	0	0	0	0	0
ENSACAT00000004027.2	0	0	0	0	0	0	0
ENSACAT00000004185.3	0	16.6667	5.55556	0	11.1111	44.4444	22.2222
ENSACAT00000022446.2	0	0	0	10	60	10	20
ENSACAT00000004189.2	0	0	0	0	0	0	0
