Name	26	27	28	29	30	31	32
cluster2	0.892857	2.67857	24.1071	29.4643	17.8571	14.2857	10.7143
cluster3	0	23.5294	11.7647	35.2941	23.5294	5.88235	0
cluster4	0.531401	5.41063	10.9662	27.1498	25.0725	20.5797	10.2899
cluster5	3.10345	4.65517	16.2069	21.5517	23.2759	18.7931	12.4138
cluster6	0.833333	6.66667	19.1667	22.5	15.8333	15.8333	19.1667
cluster7	2.13904	8.82353	13.369	26.2032	20.0535	18.984	10.4278
cluster8	1.06383	8.51064	11.7021	23.4043	37.234	8.51064	9.57447
cluster9	40	0	0	0	20	40	0
cluster10	0.883392	4.77032	13.4276	15.1943	21.3781	16.0777	28.2686
cluster11	1.53846	5.38462	18.4615	38.4615	19.2308	12.3077	4.61538
cluster12	0	6.25	9.375	25	15.625	21.875	21.875
cluster13	0	11.9403	5.97015	11.9403	23.8806	20.8955	25.3731
cluster14	6.25	3.125	18.75	15.625	25	25	6.25
cluster15	0	0	0	100	0	0	0
cluster16	2.73224	7.65027	17.4863	27.8689	16.3934	19.1257	8.74317
cluster17	2.62391	5.24781	15.4519	32.6531	20.9913	11.0787	11.9534
cluster18	2	6	6.66667	22	26.6667	20.6667	16
cluster19	0	11.1111	22.2222	22.2222	22.2222	5.55556	16.6667
cluster20	0.32	4	8.64	22	29.68	23.12	12.24
cluster21	0	7.54717	16.9811	20.7547	18.8679	22.6415	13.2075
cluster22	1.07527	2.15054	9.67742	13.7097	23.3871	40.8602	9.13978
cluster23	0	0	42.8571	0	0	57.1429	0
cluster24	1.07212	6.14035	11.306	20.078	20.1754	26.3158	14.9123
cluster25	0.884956	23.8938	7.07965	25.6637	15.9292	20.354	6.19469
cluster26	0	0	22.2222	38.8889	11.1111	11.1111	16.6667
cluster27	0	9.52381	23.8095	4.7619	19.0476	19.0476	23.8095
cluster28	0	0	26.6667	20	20	13.3333	20
cluster29	1.8595	5.16529	54.9587	10.5372	9.71074	7.43802	10.3306
cluster30	1.51515	4.54545	8.33333	23.4848	34.0909	12.8788	15.1515
cluster31	3.22581	0	19.3548	29.0323	29.0323	6.45161	12.9032
cluster32	0	13.9535	2.32558	30.2326	16.2791	23.2558	13.9535
cluster33	0	10	13.3333	36.6667	13.3333	13.3333	13.3333
cluster34	2.5	12.5	25	20	32.5	5	2.5
cluster35	5.58824	11.4706	18.5294	20.2941	23.2353	16.7647	4.11765
cluster36	0.501672	7.19064	16.8896	27.2575	23.4114	15.2174	9.53177
cluster37	0.591716	5.91716	23.9645	27.8107	22.1893	12.1302	7.39645
cluster38	0	0	28	20	36	0	16
cluster39	1.27389	5.09554	14.0127	17.8344	22.9299	22.9299	15.9236
cluster40	0	0	0	66.6667	0	33.3333	0
cluster41	0	0	14.2857	28.5714	57.1429	0	0
cluster42	0	10.6383	34.0426	15.9574	24.4681	9.57447	5.31915
cluster43	0.371747	5.94796	10.7807	22.3048	32.342	17.8439	10.4089
cluster44	0	7.14286	20.6349	26.1905	21.4286	19.0476	5.55556
cluster45	3.0303	9.09091	15.1515	24.2424	12.1212	24.2424	12.1212
cluster46	0	4.37956	8.75912	19.708	33.5766	16.7883	16.7883
cluster47	21.4286	0	7.14286	21.4286	28.5714	14.2857	7.14286
cluster48	2.1164	12.1693	26.455	14.8148	24.3386	10.582	9.52381
cluster49	11.7647	2.94118	20.5882	26.4706	14.7059	11.7647	11.7647
cluster50	0	6.66667	40	13.3333	20	6.66667	13.3333
cluster51	0.763359	2.29008	8.39695	25.1908	29.0076	25.1908	9.16031
cluster52	0	0	25	0	0	25	50
cluster53	0.740741	0.740741	5.18519	22.2222	48.1481	21.4815	1.48148
cluster54	0.655738	3.27869	8.52459	24.5902	20	35.082	7.86885
cluster55	0.813008	6.50407	11.3821	19.5122	18.6992	26.8293	16.2602
cluster56	2.98507	16.4179	41.791	22.3881	11.9403	0	4.47761
cluster57	0	11.5942	20.2899	20.2899	28.9855	13.0435	5.7971
cluster58	0	2.77778	11.1111	11.1111	30.5556	22.2222	22.2222
cluster59	0	2.63158	31.5789	34.2105	10.5263	15.7895	5.26316
cluster60	0	5.47945	16.4384	31.5068	17.8082	19.1781	9.58904
cluster61	0	10.8696	2.17391	19.5652	32.6087	17.3913	17.3913
cluster62	0	5.55556	16.6667	22.2222	22.2222	22.2222	11.1111
cluster63	0	0	16.6667	50	33.3333	0	0
cluster64	1.63934	4.09836	25.4098	18.8525	9.83607	8.19672	31.9672
cluster65	0	3.84615	15.3846	3.84615	42.3077	19.2308	15.3846
cluster66	0.549451	7.69231	8.24176	28.022	21.4286	21.978	12.0879
cluster67	0	0	0	11.1111	33.3333	44.4444	11.1111
cluster68	0	0	55.5556	5.55556	27.7778	5.55556	5.55556
cluster69	2.72727	2.72727	10	25.4545	17.2727	20	21.8182
cluster70	3.33333	3.33333	23.3333	10	13.3333	23.3333	23.3333
cluster71	1.98675	5.07726	58.4989	10.596	7.94702	6.62252	9.27152
cluster72	2.1164	12.1693	26.455	14.8148	24.3386	10.582	9.52381
cluster73	0	8.82353	5.88235	5.88235	20.5882	17.6471	41.1765
cluster74	5.55556	5.55556	27.7778	22.2222	16.6667	5.55556	16.6667
cluster75	0	0	0	0	83.3333	0	16.6667
cluster76	0	0	0	66.6667	0	33.3333	0
cluster77	0	16.6667	16.6667	50	0	0	16.6667
cluster78	0	11.7117	9.00901	19.8198	27.027	18.018	14.4144
cluster79	3.14961	6.29921	12.5984	25.9843	29.9213	15.748	6.29921
cluster80	0	2.5	20	42.5	17.5	12.5	5
cluster81	0	4.62963	9.5679	25.3086	30.2469	21.6049	8.64198
cluster82	0	7.31707	21.9512	14.6341	24.3902	31.7073	0
cluster83	0	10.2564	10.2564	5.12821	20.5128	15.3846	38.4615
cluster84	3.75	6.25	7.5	17.5	18.75	21.25	25
cluster85	0	0	7.69231	30.7692	26.9231	23.0769	11.5385
cluster86	0	9.58904	24.6575	15.0685	20.5479	16.4384	13.6986
cluster87	0	5.7971	13.0435	23.1884	21.7391	13.0435	23.1884
cluster88	0.601504	4.3609	5.56391	11.8797	25.1128	34.1353	18.3459
cluster89	0	0	0	0	0	0	0
cluster90	0	4.05405	56.7568	18.9189	8.10811	5.40541	6.75676
cluster91	0	11.8644	30.5085	15.2542	16.9492	15.2542	10.1695
cluster92	2.6455	5.82011	11.6402	11.6402	26.455	26.455	15.3439
cluster93	16.6667	0	16.6667	33.3333	16.6667	16.6667	0
cluster94	0	0	22.2222	55.5556	0	0	22.2222
cluster95	0	16	16	16	16	16	20
cluster96	0	5.26316	21.0526	52.6316	15.7895	5.26316	0
cluster97	3.9604	3.9604	9.90099	22.7723	17.8218	11.8812	29.703
cluster98	0.862069	4.85893	8.62069	15.2038	19.8276	32.3668	18.2602
cluster99	2.89855	2.89855	14.4928	26.087	27.5362	13.0435	13.0435
cluster100	0	4.34783	18.8406	15.942	21.7391	27.5362	11.5942
cluster101	0	0	0	0	0	0	100
